function f_s = sym_fx_LBR_N3K3(xn1_1,xn2_1,xn3_1,xn1_2,xn2_2,xn3_2,xn1_3,xn2_3,xn3_3,xn1_4,xn2_4,xn3_4,xk1_1,xk2_1,xk3_1,xk1_2,xk2_2,xk3_2,xk1_3,xk2_3,xk3_3,xk1_4,xk2_4,xk3_4,a1_1,a2_1,a3_1,a1_2,a2_2,a3_2,a1_3,a2_3,a3_3,mu1,mu2,mu3,cu1,cu2,cu3,lam1,lam2,lam3,c11,c12,c13,c21,c22,c23,c31,c32,c33,n2k1_1,n2k2_1,n2k3_1,n2k1_2,n2k2_2,n2k3_2,n2k1_3,n2k2_3,n2k3_3,al_v1,al_v2,al_v3,al_d1,al_d2,al_d3,tt_v1,tt_v2,tt_v3,tt_d1,tt_d2,tt_d3,nr1,nr2,nr3,ve_v1,ve_v2,ve_v3,ve_d1,ve_d2,ve_d3,f0v1,f0v2,f0v3,f0d1,f0d2,f0d3)
%SYM_FX_LBR_N3K3
%    F_S = SYM_FX_LBR_N3K3(XN1_1,XN2_1,XN3_1,XN1_2,XN2_2,XN3_2,XN1_3,XN2_3,XN3_3,XN1_4,XN2_4,XN3_4,XK1_1,XK2_1,XK3_1,XK1_2,XK2_2,XK3_2,XK1_3,XK2_3,XK3_3,XK1_4,XK2_4,XK3_4,A1_1,A2_1,A3_1,A1_2,A2_2,A3_2,A1_3,A2_3,A3_3,MU1,MU2,MU3,CU1,CU2,CU3,LAM1,LAM2,LAM3,C11,C12,C13,C21,C22,C23,C31,C32,C33,N2K1_1,N2K2_1,N2K3_1,N2K1_2,N2K2_2,N2K3_2,N2K1_3,N2K2_3,N2K3_3,AL_V1,AL_V2,AL_V3,AL_D1,AL_D2,AL_D3,TT_V1,TT_V2,TT_V3,TT_D1,TT_D2,TT_D3,NR1,NR2,NR3,VE_V1,VE_V2,VE_V3,VE_D1,VE_D2,VE_D3,F0V1,F0V2,F0V3,F0D1,F0D2,F0D3)

%    This function was generated by the Symbolic Math Toolbox version 6.3.
%    10-Mar-2020 10:59:53

t2 = xn1_4-1.0;
t3 = xn2_4-1.0;
t4 = xn3_4-1.0;
t5 = n2k1_1.*t2;
t6 = n2k1_2.*t3;
t7 = n2k1_3.*t4;
t8 = n2k2_1.*t2;
t9 = n2k2_2.*t3;
t10 = n2k2_3.*t4;
t11 = n2k3_1.*t2;
t12 = n2k3_2.*t3;
t13 = n2k3_3.*t4;
t14 = 1.0./tt_v1;
t15 = 1.0./xk1_1;
t16 = tt_v1+ve_v1;
t17 = 1.0./t16;
t18 = t5+t6+t7+1.0;
t19 = t18.*ve_v1;
t20 = 1.0./al_v1;
t21 = xk1_1.^t20;
t22 = t21.*tt_v1;
t23 = t19+t22;
t24 = 1.0./tt_v2;
t25 = 1.0./xk2_1;
t26 = tt_v2+ve_v2;
t27 = 1.0./t26;
t28 = t8+t9+t10+1.0;
t29 = t28.*ve_v2;
t30 = 1.0./al_v2;
t31 = xk2_1.^t30;
t32 = t31.*tt_v2;
t33 = t29+t32;
t34 = 1.0./tt_v3;
t35 = 1.0./xk3_1;
t36 = tt_v3+ve_v3;
t37 = 1.0./t36;
t38 = t11+t12+t13+1.0;
t39 = t38.*ve_v3;
t40 = 1.0./al_v3;
t41 = xk3_1.^t40;
t42 = t41.*tt_v3;
t43 = t39+t42;
t44 = 1.0./f0d1;
t45 = 1.0./f0d2;
t46 = f0v1.*t17.*t23.*t44;
t47 = tt_d2+ve_d2;
t48 = 1.0./t47;
t49 = 1.0./al_d2;
t50 = xk2_3.^t49;
t51 = t50.*tt_d2;
t52 = f0v2.*t27.*t33.*t45;
t53 = 1.0./al_d3;
t54 = xk3_3.^t53;
t55 = t54.*tt_d3;
t56 = t37.*t43.*ve_d3;
t57 = t55+t56;
t58 = tt_d3+ve_d3;
t59 = 1.0./t58;
t60 = f0d3.*t45.*t57.*t59;
t61 = t52+t60;
t62 = t61.*ve_d2;
t63 = t51+t62;
t64 = f0d2.*t44.*t48.*t63;
t65 = 1.0./tt_d1;
t66 = 1.0./xk1_3;
t67 = tt_d1+ve_d1;
t68 = 1.0./t67;
t69 = t46+t64;
t70 = t69.*ve_d1;
t71 = 1.0./al_d1;
t72 = xk1_3.^t71;
t73 = t72.*tt_d1;
t74 = t70+t73;
t75 = 1.0./xk2_3;
t76 = 1.0./tt_d2;
t77 = 1.0./xk3_3;
t78 = 1.0./tt_d3;
f_s = [cu1+a1_1.*xn1_1+a1_2.*xn2_1+a1_3.*xn3_1-mu1.*xn1_2;cu2+a2_1.*xn1_1+a2_2.*xn2_1+a2_3.*xn3_1-mu2.*xn2_2;cu3+a3_1.*xn1_1+a3_2.*xn2_1+a3_3.*xn3_1-mu3.*xn3_2;lam1.*(xn1_1-xn1_2);lam2.*(xn2_1-xn2_2);lam3.*(xn3_1-xn3_2);xn1_1-c11.*xn1_3;xn2_1-c12.*xn2_3;xn3_1-c13.*xn3_3;-(c31.*t2-c21.*xn1_3)./xn1_4;-(c32.*t3-c22.*xn2_3)./xn2_4;-(c33.*t4-c23.*xn3_3)./xn3_4;t14.*t15.*(t5+t6+t7-t17.*t23+1.0);t24.*t25.*(t8+t9+t10-t27.*t33+1.0);t34.*t35.*(t11+t12+t13-t37.*t43+1.0);(t14.*((nr1+t5+t6+t7)./nr1-t15.*t17.*t23.*xk1_2))./xk1_2;(t24.*((nr2+t8+t9+t10)./nr2-t25.*t27.*t33.*xk2_2))./xk2_2;(t34.*((nr3+t11+t12+t13)./nr3-t35.*t37.*t43.*xk3_2))./xk3_2;t65.*t66.*(t46+t64-t68.*t74);t75.*t76.*(t52+t60-t48.*t63);-t77.*t78.*(t57.*t59-(f0v3.*t37.*t43)./f0d3);(t65.*(-t66.*t68.*t74.*xk1_4+f0d2.*t44.*t48.*t63.*t75.*xk2_4+f0v1.*t15.*t17.*t23.*t44.*xk1_2))./xk1_4;(t76.*(-t48.*t63.*t75.*xk2_4+f0d3.*t45.*t57.*t59.*t77.*xk3_4+f0v2.*t25.*t27.*t33.*t45.*xk2_2))./xk2_4;(t78.*(t35.*t37.*t43.*xk3_2-t57.*t59.*t77.*xk3_4))./xk3_4];
