function f_s = sym_fx_LBR_N2K2(xn1_1,xn2_1,xn1_2,xn2_2,xn1_3,xn2_3,xn1_4,xn2_4,xk1_1,xk2_1,xk1_2,xk2_2,xk1_3,xk2_3,xk1_4,xk2_4,a1_1,a2_1,a1_2,a2_2,mu1,mu2,cu1,cu2,lam1,lam2,c11,c12,c21,c22,c31,c32,n2k1_1,n2k2_1,n2k1_2,n2k2_2,al_v1,al_v2,al_d1,al_d2,tt_v1,tt_v2,tt_d1,tt_d2,nr1,nr2,ve_v1,ve_v2,ve_d1,ve_d2,f0v1,f0v2,f0d1,f0d2)
%SYM_FX_LBR_N2K2
%    F_S = SYM_FX_LBR_N2K2(XN1_1,XN2_1,XN1_2,XN2_2,XN1_3,XN2_3,XN1_4,XN2_4,XK1_1,XK2_1,XK1_2,XK2_2,XK1_3,XK2_3,XK1_4,XK2_4,A1_1,A2_1,A1_2,A2_2,MU1,MU2,CU1,CU2,LAM1,LAM2,C11,C12,C21,C22,C31,C32,N2K1_1,N2K2_1,N2K1_2,N2K2_2,AL_V1,AL_V2,AL_D1,AL_D2,TT_V1,TT_V2,TT_D1,TT_D2,NR1,NR2,VE_V1,VE_V2,VE_D1,VE_D2,F0V1,F0V2,F0D1,F0D2)

%    This function was generated by the Symbolic Math Toolbox version 6.3.
%    19-Nov-2019 21:14:18

t2 = xn1_4-1.0;
t3 = xn2_4-1.0;
t4 = n2k1_1.*t2;
t5 = n2k1_2.*t3;
t6 = n2k2_1.*t2;
t7 = n2k2_2.*t3;
t8 = 1.0./tt_v1;
t9 = 1.0./xk1_1;
t10 = tt_v1+ve_v1;
t11 = 1.0./t10;
t12 = 1.0./al_v1;
t13 = xk1_1.^t12;
t14 = t13.*tt_v1;
t15 = t4+t5+1.0;
t16 = t15.*ve_v1;
t17 = t14+t16;
t18 = 1.0./tt_v2;
t19 = 1.0./xk2_1;
t20 = tt_v2+ve_v2;
t21 = 1.0./t20;
t22 = 1.0./al_v2;
t23 = xk2_1.^t22;
t24 = t23.*tt_v2;
t25 = t6+t7+1.0;
t26 = t25.*ve_v2;
t27 = t24+t26;
t28 = 1.0./f0d1;
t29 = f0v1.*t11.*t17.*t28;
t30 = tt_d2+ve_d2;
t31 = 1.0./t30;
t32 = 1.0./al_d2;
t33 = xk2_3.^t32;
t34 = t33.*tt_d2;
t35 = t21.*t27.*ve_d2;
t36 = t34+t35;
t37 = f0d2.*t28.*t31.*t36;
t38 = 1.0./tt_d1;
t39 = tt_d1+ve_d1;
t40 = 1.0./t39;
t41 = 1.0./al_d1;
t42 = xk1_3.^t41;
t43 = t42.*tt_d1;
t44 = t29+t37;
t45 = t44.*ve_d1;
t46 = t43+t45;
t47 = 1.0./xk2_3;
t48 = 1.0./tt_d2;
f_s = [cu1+a1_1.*xn1_1+a1_2.*xn2_1-mu1.*xn1_2;cu2+a2_1.*xn1_1+a2_2.*xn2_1-mu2.*xn2_2;lam1.*(xn1_1-xn1_2);lam2.*(xn2_1-xn2_2);xn1_1-c11.*xn1_3;xn2_1-c12.*xn2_3;-(c31.*t2-c21.*xn1_3)./xn1_4;-(c32.*t3-c22.*xn2_3)./xn2_4;t8.*t9.*(t4+t5-t11.*t17+1.0);t18.*t19.*(t6+t7-t21.*t27+1.0);(t8.*((nr1+t4+t5)./nr1-t9.*t11.*t17.*xk1_2))./xk1_2;(t18.*((nr2+t6+t7)./nr2-t19.*t21.*t27.*xk2_2))./xk2_2;(t38.*(t29+t37-t40.*t46))./ve_d1;-t47.*t48.*(t31.*t36-(f0v2.*t21.*t27)./f0d2);(t38.*(-(t40.*t46.*xk1_4)./xk1_3+f0d2.*t28.*t31.*t36.*t47.*xk2_4+f0v1.*t9.*t11.*t17.*t28.*xk1_2))./xk1_4;(t48.*(t19.*t21.*t27.*xk2_2-t31.*t36.*t47.*xk2_4))./xk2_4];
