function f_s = sym_fx_LBR_N2K3(xn1_1,xn2_1,xn1_2,xn2_2,xn1_3,xn2_3,xn1_4,xn2_4,xk1_1,xk2_1,xk3_1,xk1_2,xk2_2,xk3_2,xk1_3,xk2_3,xk3_3,xk1_4,xk2_4,xk3_4,a1_1,a2_1,a1_2,a2_2,mu1,mu2,cu1,cu2,lam1,lam2,c11,c12,c21,c22,c31,c32,n2k1_1,n2k2_1,n2k3_1,n2k1_2,n2k2_2,n2k3_2,al_v1,al_v2,al_v3,al_d1,al_d2,al_d3,tt_v1,tt_v2,tt_v3,tt_d1,tt_d2,tt_d3,nr1,nr2,nr3,ve_v1,ve_v2,ve_v3,ve_d1,ve_d2,ve_d3,f0v1,f0v2,f0v3,f0d1,f0d2,f0d3)
%SYM_FX_LBR_N2K3
%    F_S = SYM_FX_LBR_N2K3(XN1_1,XN2_1,XN1_2,XN2_2,XN1_3,XN2_3,XN1_4,XN2_4,XK1_1,XK2_1,XK3_1,XK1_2,XK2_2,XK3_2,XK1_3,XK2_3,XK3_3,XK1_4,XK2_4,XK3_4,A1_1,A2_1,A1_2,A2_2,MU1,MU2,CU1,CU2,LAM1,LAM2,C11,C12,C21,C22,C31,C32,N2K1_1,N2K2_1,N2K3_1,N2K1_2,N2K2_2,N2K3_2,AL_V1,AL_V2,AL_V3,AL_D1,AL_D2,AL_D3,TT_V1,TT_V2,TT_V3,TT_D1,TT_D2,TT_D3,NR1,NR2,NR3,VE_V1,VE_V2,VE_V3,VE_D1,VE_D2,VE_D3,F0V1,F0V2,F0V3,F0D1,F0D2,F0D3)

%    This function was generated by the Symbolic Math Toolbox version 6.3.
%    19-Nov-2019 20:36:48

t2 = xn1_4-1.0;
t3 = xn2_4-1.0;
t4 = n2k1_1.*t2;
t5 = n2k1_2.*t3;
t6 = n2k2_1.*t2;
t7 = n2k2_2.*t3;
t8 = n2k3_1.*t2;
t9 = n2k3_2.*t3;
t10 = 1.0./tt_v1;
t11 = 1.0./xk1_1;
t12 = tt_v1+ve_v1;
t13 = 1.0./t12;
t14 = 1.0./al_v1;
t15 = xk1_1.^t14;
t16 = t15.*tt_v1;
t17 = t4+t5+1.0;
t18 = t17.*ve_v1;
t19 = t16+t18;
t20 = 1.0./tt_v2;
t21 = 1.0./xk2_1;
t22 = tt_v2+ve_v2;
t23 = 1.0./t22;
t24 = 1.0./al_v2;
t25 = xk2_1.^t24;
t26 = t25.*tt_v2;
t27 = t6+t7+1.0;
t28 = t27.*ve_v2;
t29 = t26+t28;
t30 = 1.0./tt_v3;
t31 = 1.0./xk3_1;
t32 = tt_v3+ve_v3;
t33 = 1.0./t32;
t34 = 1.0./al_v3;
t35 = xk3_1.^t34;
t36 = t35.*tt_v3;
t37 = t8+t9+1.0;
t38 = t37.*ve_v3;
t39 = t36+t38;
t40 = 1.0./f0d1;
t41 = 1.0./f0d2;
t42 = f0v1.*t13.*t19.*t40;
t43 = tt_d2+ve_d2;
t44 = 1.0./t43;
t45 = 1.0./al_d2;
t46 = xk2_3.^t45;
t47 = t46.*tt_d2;
t48 = f0v2.*t23.*t29.*t41;
t49 = tt_d3+ve_d3;
t50 = 1.0./t49;
t51 = 1.0./al_d3;
t52 = xk3_3.^t51;
t53 = t52.*tt_d3;
t54 = t33.*t39.*ve_d3;
t55 = t53+t54;
t56 = f0d3.*t41.*t50.*t55;
t57 = t48+t56;
t58 = t57.*ve_d2;
t59 = t47+t58;
t60 = f0d2.*t40.*t44.*t59;
t61 = 1.0./tt_d1;
t62 = t42+t60;
t63 = t62.*ve_d1;
t64 = 1.0./al_d1;
t65 = xk1_3.^t64;
t66 = t65.*tt_d1;
t67 = t63+t66;
t68 = tt_d1+ve_d1;
t69 = 1.0./t68;
t70 = 1.0./tt_d2;
t71 = 1.0./xk2_3;
t72 = 1.0./xk3_3;
t73 = 1.0./tt_d3;
f_s = [cu1+a1_1.*xn1_1+a1_2.*xn2_1-mu1.*xn1_2;cu2+a2_1.*xn1_1+a2_2.*xn2_1-mu2.*xn2_2;lam1.*(xn1_1-xn1_2);lam2.*(xn2_1-xn2_2);xn1_1-c11.*xn1_3;xn2_1-c12.*xn2_3;-(c31.*t2-c21.*xn1_3)./xn1_4;-(c32.*t3-c22.*xn2_3)./xn2_4;t10.*t11.*(t4+t5-t13.*t19+1.0);t20.*t21.*(t6+t7-t23.*t29+1.0);t30.*t31.*(t8+t9-t33.*t39+1.0);(t10.*((nr1+t4+t5)./nr1-t11.*t13.*t19.*xk1_2))./xk1_2;(t20.*((nr2+t6+t7)./nr2-t21.*t23.*t29.*xk2_2))./xk2_2;(t30.*((nr3+t8+t9)./nr3-t31.*t33.*t39.*xk3_2))./xk3_2;(t61.*(t42+t60-t67.*t69))./ve_d1;(t70.*(t48+t56-t44.*t59))./ve_d2;-t72.*t73.*(t50.*t55-(f0v3.*t33.*t39)./f0d3);(t61.*(-(t67.*t69.*xk1_4)./xk1_3+f0d2.*t40.*t44.*t59.*t71.*xk2_4+f0v1.*t11.*t13.*t19.*t40.*xk1_2))./xk1_4;(t70.*(-t44.*t59.*t71.*xk2_4+f0d3.*t41.*t50.*t55.*t72.*xk3_4+f0v2.*t21.*t23.*t29.*t41.*xk2_2))./xk2_4;(t73.*(t31.*t33.*t39.*xk3_2-t50.*t55.*t72.*xk3_4))./xk3_4];
